image_width: 640
image_height: 480
camera_name: head_camera
camera_matrix:
  rows: 3
  cols: 3
  data: [418.96177851, 0, 305.6938389, 0, 418.77310882, 245.355637, 0, 0, 1]
distortion_model: plumb_bob
distortion_coefficients:
  rows: 1
  cols: 5
  data: [-0.32604612, 0.13008692, 0.0005977, -0.00053452, -0.02899455]
rectification_matrix:
  rows: 3
  cols: 3
  data: [1, 0, 0, 0, 1, 0, 0, 0, 1]
projection_matrix:
  rows: 3
  cols: 4
  data: [326.59417725, 0, 295.62150709, 0, 0, 368.97436523, 246.76136706, 0, 0, 0, 1, 0]
