image_width: 640
image_height: 480
camera_name: head_camera
camera_matrix:
  rows: 3
  cols: 3
  data: [418.96345454234597, 0.0, 333.3052264133102, 0.0, 418.7747480627456, 245.35276017959478, 0.0, 0.0, 1.0]
distortion_model: plumb_bob
distortion_coefficients:
  rows: 1
  cols: 5
  data: [-0.3260485955455271, 0.13008161652494868, 0.0005969415774600931, 0.000535223971926664, -0.028987260341269982]
rectification_matrix:
  rows: 3
  cols: 3
  data: [1, 0, 0, 0, 1, 0, 0, 0, 1]
projection_matrix:
  rows: 3
  cols: 4
  data: [326.7336730957031, 0.0, 341.77771784037395, 0.0, 0.0, 369.0023498535156, 246.75676860523345, 0.0, 0.0, 0.0, 1.0, 0.0]
